x1	y1	x2	y2	x3	y3	x4	y4	x5	y5	x6	y6	x7	y7
-0.560475647	1.276313021	0.7197622	2.05E+00	-4.2484496	-15.5161388	-2.80237823	-3.5520328	-0.560475647	0.3684837	-0.560475647	0.084321072	-0.560475647	-0.6260855
-0.230177489	1.332930973	1.8849113	6.59E+00	5.7661027	-33.533408	-1.15088745	1.2844185	-0.230177489	0.79551088	-0.230177489	0.898264365	-0.230177489	1.1551481
1.558708314	-0.657385066	3.7793542	4.38E+01	-1.8204616	-3.7427849	7.79354157	-1.2334594	1.558708314	2.53403913	1.558708314	2.435362375	1.558708314	2.1886705
0.070508391	0.790474569	4.0352542	5.66E+01	7.6603481	-44.9949099	0.35254196	-1.737713	0.070508391	1.03575413	0.070508391	0.896737092	0.070508391	0.5491945
0.129287735	0.490064838	5.0646439	1.58E+02	8.8093457	-79.8622813	0.64643868	-4.7580928	0.129287735	1.03412588	0.129287735	0.653478452	0.129287735	-0.2981401
1.715064987	-0.733076077	6.8575325	9.51E+02	-9.08887	-67.4428521	8.57532493	-0.2251386	1.715064987	2.71056221	1.715064987	2.692551124	1.715064987	2.6475234
0.460916206	0.225122006	7.2304581	1.38E+03	0.5621098	-15.8034954	2.30458103	-3.9245223	0.460916206	1.38242576	0.460916206	1.068463971	0.460916206	0.2835595
-1.265061235	1.59788446	7.3674694	1.58E+03	7.8483809	-55.7509451	-6.32530617	-8.3397097	-1.265061235	-0.43185543	-1.265061235	-1.099032203	-1.265061235	-2.7669741
-0.686852852	1.534762244	8.6565736	5.75E+03	1.0287003	0.1803182	-3.43426426	-1.9011326	-0.686852852	0.2751245	-0.686852852	0.123033888	-0.686852852	-0.2571926
-0.44566197	1.813260614	9.777169	1.76E+04	-0.8677053	1.4065032	-2.22830985	4.594983	-0.44566197	0.64623769	-0.44566197	1.013836334	-0.44566197	1.9328329
1.224081797	-0.454220582	11.6120409	1.10E+05	9.1366669	-79.6822873	6.12040899	-2.8767348	1.224081797	2.1665471	1.224081797	1.936408316	1.224081797	1.3610614
0.359813827	0.883371902	12.1799069	1.95E+05	-0.9333169	-5.8943149	1.79906914	3.0398216	0.359813827	1.42061026	0.359813827	1.663795988	0.359813827	2.2717603
0.400771451	-0.047924534	13.2003857	5.41E+05	3.5514127	-15.9446061	2.00385725	-8.0894135	0.400771451	1.23898318	0.400771451	0.591830096	0.400771451	-1.0260526
0.110682716	0.867092498	14.0553414	1.27E+06	1.452668	-12.2959983	0.55341358	-0.2778098	0.110682716	1.10512652	0.110682716	1.082901733	0.110682716	1.0273398
-0.555841135	1.763604016	14.7220794	2.48E+06	-7.9415063	-73.7854353	-2.77920567	2.597036	-0.555841135	0.49609959	-0.555841135	0.703862467	-0.555841135	1.2232697
1.786913137	-0.666451792	16.8934566	2.17E+07	7.9964994	-60.9087164	8.93456568	1.5057668	1.786913137	2.81702847	1.786913137	2.937489818	1.786913137	3.2386432
0.497850478	0.544419999	17.2489252	3.10E+07	-5.0782453	-21.3064777	2.48925239	0.528381	0.497850478	1.5084181	0.497850478	1.550688575	0.497850478	1.6563648
-1.966617157	2.710334753	17.0166914	2.46E+07	-9.1588093	-83.3537461	-9.83308578	-3.20353	-1.966617157	-1.03068776	-1.966617157	-1.286970161	-1.966617157	-1.9276762
0.701355902	-0.04123764	19.350678	2.53E+08	-3.4415856	-2.6218369	3.50677951	-4.2485217	0.701355902	1.61638547	0.701355902	1.276503729	0.701355902	0.4267994
-0.472791408	1.063139891	19.7636043	3.83E+08	9.090073	-62.12858	-2.36395704	-5.120644	-0.472791408	0.42479571	-0.472791408	0.015144197	-0.472791408	-1.0089846
-1.067823706	2.114882345	0.4660881	1.59E+00	7.7907863	-65.6066632	-5.33911853	0.588233	-1.067823706	-0.05605905	-1.067823706	-0.009000407	-1.067823706	0.1086462
-0.217974915	0.838985069	1.8910125	6.63E+00	3.8560681	-37.9609501	-1.08987457	-4.7373731	-0.217974915	0.68727762	-0.217974915	0.308287778	-0.217974915	-0.6391868
-1.026004448	1.829781471	2.4869978	1.20E+01	2.8101363	2.1605194	-5.13002224	-2.4527872	-1.026004448	-0.07506019	-1.026004448	-0.27128317	-1.026004448	-0.7618406
-0.728891229	1.626454352	3.6355544	3.79E+01	9.8853955	-104.8130525	-3.64445615	-1.280461	-0.728891229	0.24549955	-0.728891229	0.143062675	-0.728891229	-0.1130295
-0.625039268	2.36258407	4.6874804	1.09E+02	3.114116	-16.5778045	-3.12519634	9.21931	-0.625039268	0.55934693	-0.625039268	1.296891735	-0.625039268	3.1407537
-1.686693311	2.42591335	5.1566533	1.74E+02	4.1706094	-7.1382688	-8.43346655	-3.2597495	-1.686693311	-0.7518883	-1.686693311	-1.012668262	-1.686693311	-1.6646182
0.837787044	0.256367584	7.4188935	1.67E+03	0.8813205	-3.6244559	4.18893522	1.1769329	0.837787044	1.8613257	0.837787044	1.955480331	0.837787044	2.1908669
0.153373118	0.877811222	8.0766866	3.22E+03	1.8828404	-15.7522651	0.76686559	0.3898042	0.153373118	1.1611692	0.153373118	1.192353543	0.153373118	1.2703144
-1.138136937	1.753394283	8.4309315	4.59E+03	-4.2168053	-15.9684118	-5.69068469	-4.8092832	-1.138136937	-0.2343226	-1.138136937	-0.619065254	-1.138136937	-1.5809219
1.253814921	-0.282338156	10.6269075	4.12E+04	-7.0577271	-51.2004248	6.26907461	-0.3565404	1.253814921	2.24668411	1.253814921	2.218160878	1.253814921	2.1468528
0.426464221	1.151356122	11.2132321	7.41E+04	9.2604847	-85.6989341	2.13232111	7.2227543	0.426464221	1.57091931	0.426464221	2.148739651	0.426464221	3.5932905
-0.295071483	1.475673104	11.8524643	1.40E+05	8.0459809	-60.8850047	-1.47535741	2.2575203	-0.295071483	0.75007892	-0.295071483	0.930680544	-0.295071483	1.3821846
0.895125661	0.121367508	13.4475628	6.92E+05	3.8141056	-18.2540016	4.47562831	0.2061646	0.895125661	1.89924895	0.895125661	1.915742122	0.895125661	1.956975
0.878133488	-0.04713222	14.4390667	1.87E+06	5.9093484	-28.4766325	4.39066744	-2.1124842	0.878133488	1.8358838	0.878133488	1.666885071	0.878133488	1.2443882
0.821581082	-0.64287997	15.4107905	4.93E+06	-9.5077263	-92.6017252	4.10790541	-10.2662361	0.821581082	1.61625636	0.821581082	0.794957471	0.821581082	-1.2582898
0.688640254	0.763894631	16.3443201	1.25E+07	-0.4440806	3.1206121	3.44320127	5.6566861	0.688640254	1.80177398	0.688640254	2.254308861	0.688640254	3.3856461
0.553917654	-0.138173682	17.2769588	3.19E+07	5.1691908	-15.7521429	2.76958827	-7.3032004	0.553917654	1.40785365	0.553917654	0.823597618	0.553917654	-0.6370425
-0.061911711	1.357890715	17.9690441	6.37E+07	-5.6718413	-27.8179686	-0.30955855	3.6997376	-0.061911711	1.01208304	-0.061911711	1.308062045	-0.061911711	2.0480096
-0.305962664	2.069604091	18.8470187	1.53E+08	-3.6363798	-16.4825742	-1.52981332	9.5455178	-0.305962664	0.88494769	-0.305962664	1.648589121	-0.305962664	3.5576927
-0.380471001	0.802913737	19.8097645	4.01E+08	-5.3674843	-17.3218115	-1.90235501	-7.2194658	-0.380471001	0.47513968	-0.380471001	-0.102417581	-0.380471001	-1.5463107
-0.694706979	1.975420713	0.6526465	1.92E+00	-7.1439996	-41.101691	-3.47353489	3.5089217	-0.694706979	0.37547145	-0.694706979	0.656185189	-0.694706979	1.3579695
-0.207917278	1.103038282	1.8960414	6.66E+00	-1.7090733	2.5630381	-1.03958639	-1.3109874	-0.207917278	0.76586297	-0.207917278	0.660983977	-0.207917278	0.3987865
-1.265396352	1.636538688	2.3673018	1.07E+01	-1.7255135	-0.5900794	-6.32698176	-7.8607208	-1.265396352	-0.42261077	-1.265396352	-1.051468431	-1.265396352	-2.6236126
2.168955965	-1.774823027	5.084478	1.61E+02	-2.623091	-13.1596671	10.84477983	-7.5733383	2.168955965	3.0174892	2.168955965	2.411622138	2.168955965	0.8969545
1.207961998	-0.848576468	5.603981	2.72E+02	-6.951105	-34.7113369	6.03980999	-8.0076809	1.207961998	2.04780838	1.207961998	1.407193912	1.207961998	-0.1943423
-1.123108583	1.910745974	5.4384457	2.30E+02	-7.2238787	-58.1870198	-5.61554292	-2.6545326	-1.123108583	-0.17619924	-1.123108583	-0.388561844	-1.123108583	-0.9194684
-0.402884835	0.818182601	6.7985576	8.97E+02	-5.339318	-6.6349869	-2.01442418	-7.3087779	-0.402884835	0.45093961	-0.402884835	-0.133762628	-0.402884835	-1.5955182
-0.466655354	1.741822063	7.7666723	2.36E+03	-0.680751	14.8626843	-2.33327677	3.4395839	-0.466655354	0.60213632	-0.466655354	0.877303033	-0.466655354	1.5652198
0.779965118	1.060078458	9.3899826	1.20E+04	-4.6805472	-24.2645256	3.89982559	10.5005447	0.779965118	1.98997601	0.779965118	2.830019589	0.779965118	4.9301285
-0.083369066	0.568556876	9.9583155	2.11E+04	7.1565543	-61.4804786	-0.41684533	-6.4351524	-0.083369066	0.78792789	-0.083369066	0.273115696	-0.083369066	-1.0139148
0.253318514	1.061777025	11.1266593	6.80E+04	-9.0833767	-89.6117973	1.26659257	3.9386942	0.253318514	1.3320924	0.253318514	1.647187938	0.253318514	2.4349268
-0.028546755	1.336163652	11.9857266	1.60E+05	-1.1559985	1.2325045	-0.14273378	3.8452112	-0.028546755	1.04835747	-0.028546755	1.355974365	-0.028546755	2.1250166
-0.042870457	1.175751489	12.9785648	4.33E+05	5.9784969	-38.2093441	-0.21435229	1.6610129	-0.042870457	0.9903498	-0.042870457	1.123230832	-0.042870457	1.4554334
1.368602284	-0.771952927	14.6843011	2.38E+06	-7.5620148	-60.6594938	6.84301142	-5.041883	1.368602284	2.26776462	1.368602284	1.86441398	1.368602284	0.8560374
-0.225770986	1.177989943	14.8871145	2.92E+06	1.2189597	-11.0020484	-1.12885493	-0.597263	-0.225770986	0.76228375	-0.225770986	0.714502711	-0.225770986	0.5950501
1.516470604	-0.628628738	16.7582353	1.90E+07	-5.8693722	-34.8998074	7.58235302	-1.4019767	1.516470604	2.48843107	1.516470604	2.376272937	1.516470604	2.0958776
-1.548752804	2.773948618	16.2256236	1.11E+07	-7.449367	-63.3421133	-7.74376402	2.8149477	-1.548752804	-0.49245385	-1.548752804	-0.267258038	-1.548752804	0.2957315
0.58461375	0.266410748	18.2923069	8.80E+07	5.0661573	-42.345369	2.92306875	-1.8621938	0.58461375	1.54736987	0.58461375	1.398394372	0.58461375	1.0259556
0.123854244	1.266935111	19.0619271	1.90E+08	7.9009072	-66.2265995	0.61927122	4.8848669	0.123854244	1.22155158	0.123854244	1.612340937	0.123854244	2.5893143
0.215941569	0.634226088	20.1079708	5.40E+08	-2.5107445	2.8861282	1.07970784	-1.8729043	0.215941569	1.17848348	0.215941569	1.02865114	0.215941569	0.6540703
0.379639483	1.041445103	1.1898197	3.29E+00	3.3023039	-16.6586806	1.89819741	5.2635573	0.379639483	1.48491063	0.379639483	1.905995216	0.379639483	2.9587067
-0.502323453	1.08265265	1.7488383	5.75E+00	-8.1031868	-59.5819928	-2.51161727	-5.245885	-0.502323453	0.39275885	-0.502323453	-0.026911956	-0.502323453	-1.076089
-0.333207384	0.829145286	2.8333963	1.70E+01	-2.3206072	-21.5640451	-1.66603692	-6.3007762	-0.333207384	0.54077709	-0.333207384	0.036714994	-0.333207384	-1.2234403
-1.018575383	3.314991357	3.4907123	3.28E+01	-4.5123271	-20.9167156	-5.09287692	16.2051997	-1.018575383	0.30552861	-1.018575383	1.601944584	-1.018575383	4.8429845
-1.071791226	1.905048191	4.4641044	8.68E+01	6.2928008	-34.4052696	-5.35895613	-2.0842879	-1.071791226	-0.11347699	-1.071791226	-0.280220021	-1.071791226	-0.6970776
0.303528641	0.815762395	6.1517643	4.70E+02	-1.0296732	1.9513068	1.51764321	1.491138	0.303528641	1.3333514	0.303528641	1.452642437	0.303528641	1.75087
0.448209779	0.806418091	7.2241049	1.37E+03	6.2012871	-37.3991993	2.24104889	3.1828484	0.448209779	1.51186675	0.448209779	1.766494616	0.448209779	2.4030643
0.053004227	0.753483523	8.0265021	3.06E+03	6.2477902	-45.4419423	0.26502113	-2.4189031	0.053004227	1.00462616	0.053004227	0.811113914	0.053004227	0.3273333
0.922267468	0.28447735	9.4611337	1.29E+04	5.8868464	-43.1520043	4.61133734	2.5843102	0.922267468	1.97395367	0.922267468	2.18069849	0.922267468	2.6975605
2.050084686	-0.902498875	11.0250423	6.14E+04	-1.2033662	-11.6893782	10.25042343	1.8448226	2.050084686	3.08698114	2.050084686	3.234566949	2.050084686	3.6035315
-0.491031166	1.404878963	10.7544844	4.68E+04	5.0895032	-24.7265766	-2.45515583	-1.0769025	-0.491031166	0.48743078	-0.491031166	0.40127858	-0.491031166	0.1858981
-2.309168876	3.335286089	10.8454156	5.13E+04	2.5844226	-16.1539865	-11.54584438	0.3264652	-2.309168876	-1.30263957	-2.309168876	-1.276522359	-2.309168876	-1.2112293
1.005738524	-0.019365426	13.5028693	7.32E+05	4.203648	-22.5762312	5.02869262	-0.1703363	1.005738524	2.0023318	1.005738524	1.988704898	1.005738524	1.9546376
-0.709200763	2.560581522	13.6453996	8.44E+05	-9.9875045	-102.3111687	-3.54600381	10.6422595	-0.709200763	0.50364443	-0.709200763	1.355025187	-0.709200763	3.4834771
-0.688008616	1.391474178	14.6559957	2.32E+06	-0.4936685	18.1949114	-3.44004308	-3.7066805	-0.688008616	0.23785777	-0.688008616	-0.058676665	-0.688008616	-0.8000128
1.02557137	-0.463969877	16.5127857	1.48E+07	-5.5976223	-37.8528744	5.12785685	-5.4799813	1.02557137	1.91597174	1.02557137	1.477573236	1.02557137	0.381577
-0.284773007	1.299888367	16.8576135	2.09E+07	-2.4036692	-3.4237601	-1.42386504	0.188942	-0.284773007	0.71900583	-0.284773007	0.734121193	-0.284773007	0.7719096
-1.220717712	2.344910012	17.3896411	3.57E+07	2.2554201	-4.3073112	-6.10358856	1.5524037	-1.220717712	-0.18966964	-1.220717712	-0.065477338	-1.220717712	0.2450034
0.18130348	0.993305912	19.0906517	1.95E+08	-2.9640418	-18.4041102	0.9065174	2.1826174	0.18130348	1.22495583	0.18130348	1.399565219	0.18130348	1.8360887
-0.138891362	0.955545229	19.9305543	4.53E+08	-7.7772915	-61.1993441	-0.69445681	-2.2918267	-0.138891362	0.8152721	-0.138891362	0.631925971	-0.138891362	0.1735606
0.005764186	0.568905361	1.0028821	2.73E+00	-5.1276105	-11.8468813	0.02882093	-5.3166307	0.005764186	0.89943157	0.005764186	0.474101119	0.005764186	-0.589225
0.385280401	1.119993669	2.1926402	8.96E+00	3.3611117	-6.7820317	1.92640201	6.3159259	0.385280401	1.51159892	0.385280401	2.016872989	0.385280401	3.2800582
-0.370660032	1.230799877	2.81467	1.67E+01	-1.6470644	-2.3004919	-1.85330016	-1.7482519	-0.370660032	0.59437493	-0.370660032	0.454514774	-0.370660032	0.1048644
0.644376549	0.009418306	4.3221883	7.54E+01	5.7639167	-37.4477038	3.22188274	-4.3275643	0.644376549	1.55782526	0.644376549	1.211620117	0.644376549	0.3461073
-0.220486562	1.125974734	4.8897567	1.33E+02	-7.9427071	-83.6190685	-1.10243281	-1.1813978	-0.220486562	0.75588548	-0.220486562	0.661373654	-0.220486562	0.4250941
0.331781964	0.589347678	6.165891	4.76E+02	-1.3021452	9.6177901	1.65890982	-0.9858795	0.331781964	1.31206437	0.331781964	1.233194017	0.331781964	1.0360181
1.096839013	0.347129103	7.5484195	1.90E+03	9.6991396	-108.6797097	5.48419507	5.5496014	1.096839013	2.20783104	1.096839013	2.651799158	1.096839013	3.7617194
0.435181491	0.598713426	8.2175907	3.71E+03	7.8610223	-54.3961963	2.17590745	0.4236865	0.435181491	1.44365522	0.435181491	1.477550137	0.435181491	1.5622874
-0.325931586	1.6275531	8.8370342	6.88E+03	7.7293812	-40.6522983	-1.62965793	3.7702689	-0.325931586	0.74947379	-0.325931586	1.051095307	-0.325931586	1.8051491
1.148807618	-0.348524425	10.5744038	3.91E+04	-6.498947	-56.6752436	5.74403809	-2.4964601	1.148807618	2.09887842	1.148807618	1.89916161	1.148807618	1.3998696
0.993503856	0.092274268	11.4967519	9.84E+04	-7.3860862	-47.5364255	4.96751928	1.0722265	0.993503856	2.01494839	0.993503856	2.100726511	0.993503856	2.3151718
0.54839696	0.321728676	12.2741985	2.14E+05	3.0620385	-11.9980547	2.7419848	-1.6234296	0.54839696	1.51592837	0.54839696	1.386054004	0.54839696	1.0613681
0.238731735	0.799101676	13.1193659	4.99E+05	-3.1296706	-25.5162794	1.19365868	0.4729176	0.238731735	1.24819009	0.238731735	1.286023499	0.238731735	1.380607
-0.627906076	1.269760733	13.686047	8.79E+05	3.1351626	-24.9759208	-3.13953038	-4.4768168	-0.627906076	0.28255759	-0.627906076	-0.075587755	-0.627906076	-0.9709511
1.360652449	-0.884973062	15.6803262	6.45E+06	-3.5925352	-28.9216705	6.80326224	-6.5540077	1.360652449	2.2295723	1.360652449	1.705251682	1.360652449	0.3944501
-0.600259587	2.399144941	15.6998702	6.58E+06	-6.2461776	-44.3238	-3.00129794	9.9860669	-0.600259587	0.59946175	-0.600259587	1.398347105	-0.600259587	3.3955605
2.187332993	-0.947049464	18.0936665	7.21E+07	5.645886	-46.4935849	10.93666497	3.0035441	2.187332993	3.24740388	2.187332993	3.487687405	2.187332993	4.0883962
1.532610626	-1.033119171	18.7663053	1.41E+08	-8.1281003	-59.1868462	7.66305313	-6.2563568	1.532610626	2.40748349	1.532610626	1.906974945	1.532610626	0.6557036
-0.235700359	0.991233992	18.8821498	1.59E+08	-0.6644192	20.5596366	-1.1785018	-3.0558296	-0.235700359	0.70318305	-0.235700359	0.458716683	-0.235700359	-0.1524492
-1.0264209	1.552228866	19.4867895	2.90E+08	0.2301092	-12.923255	-5.1321045	-5.9274004	-1.0264209	-0.14496891	-1.0264209	-0.619160943	-1.0264209	-1.804641
